20
34
25
42
27
36
37
50
116
69
122
90
139
94
128
102
200
107
95
188
181
136
317
235
171
178
234
240
227
222
287
244
324
201
271
287
248
352
334
308
307
356
301
482
411
432
338
283
289
461
282
705
321
315
450
273
426
510
423
548
587
337
423
318
701
409
484
612
575
688
507
534
419
246
606
487
582
571
898
413
905
340
368
600
808
972
566
1116
786
976
654
628
729
451
327
598
621
938
715
701
644
803
1261
853
857
859
1019
764
860
696
854
1281
901
686
822
1008
971
635
728
639
851
984
930
1008
911
1177
1442
1113
609
771
1085
1036
510
1373
667
878
770
606
914
1632
1022
1782
978
1054
1039
1332
1603
801
1672
1484
919
1775
1415
1032
924
1750
978
929
751
1500
1445
1006
1677
1304
2120
1466
1160
1144
1231
1303
742
1163
997
1699
1106
1567
1541
1793
1280
1486
978
1130
1088
1632
1457
1460
2221
1348
1250
1681
1847
1634
1286
1450
1809
1341
1839
1466
1864
1396
1350
1557
2142
1194
1753
2205
1331
2190
1452
2364
2832
1329
1336
2269
1842
1568
1259
1663
2561
1816
1908
1168
1987
2296
1277
1675
1731
2634
885
2420
2217
1181
2497
1702
2142
2778
1680
1532
1446
1993
2234
2637
2686
2188
1442
2873
1074
1835
1720
1583
3123
2888
1776
2802
2580
1909
943
3086
2699
2479
1770
2728
2765
1642
1928
2592
1729
2719
2505
2134
2556
2075
1445
2524
2123
3577
3162
2062
2221
1541
1622
2767
1778
2005
1089
2520
3244
1367
2176
1080
1922
2158
1597
2160
1512
3342
2777
2624
2080
2014
1682
1916
824
2983
3124
2969
2116
2091
1668
3581
2740
2741
2643
1743
2951
3474
3073
1945
2032
2690
1838
2140
2282
1703
2323
1894
3145
3053
2337
3425
3431
3189
1946
3973
3569
1650
3387
2166
2421
1971
2678
3468
2967
1758
2040
1990
1941
1751
4113
3934
3021
2787
1937
4304
1874
3709
1375
4081
3557
2975
2065
2346
3709
3630
2610
4029
2673
4353
2689
2749
3718
1816
2267
3755
3816
2688
3114
2423
3822
3196
3783
2735
3335
4756
2934
5576
3814
2812
2566
1977
2829
2922
3455
2693
4140
2458
2837
3201
3127
2202
2585
2691
3510
4160
1484
3333
3307
3426
3755
1697
3210
2883
4405
3385
4053
3508
3125
3607
2433
5838
1938
2941
3083
2421
2564
1789
3691
5970
4590
2073
2312
3402
3450
2468
3384
5647
2267
1945
3715
3871
4057
3939
4462
4891
3940
4514
7138
2439
4488
2495
3848
4982
3286
4890
3460
4209
4241
3012
3914
1378
2634
2043
3340
2402
4164
4092
5192
3765
4668
2905
3658
4180
3723
3233
3066
5495
5520
2976
3671
3924
4965
2392
2506
5187
6044
4112
3483
4666
4842
6376
3789
3517
5413
4034
4075
5688
4165
2656
4887
4232
2898
3741
3556
4417
3025
4147
4430
4782
4000
4267
2915
3594
3224
6103
3736
5349
2805
4914
2159
4444
3009
3056
4543
2103
4657
2476
4901
4386
4292
2367
5234
4302
5986
3531
4378
6125
3748
6434
2169
3439
3927
4391
3182
3182
2916
5398
2086
4925
5907
4107
4203
3890
3009
3750
2180
2691
3704
1597
4686
3612
3907
5143
5282
3310
4976
5190
6715
5454
4532
4178
6507
4728
8656
5677
5754
6407
5898
3591
4344
5046
5359
5065
5220
5604
2933
5529
5040
4909
10072
3376
3201
4778
5420
6032
4164
2558
3631
7225
4349
5768
7163
3601
3716
4349
6392
7261
3168
3998
3361
4094
4297
3528
4785
5144
3782
5042
5693
5316
7324
4554
5406
7220
4256
5488
4290
5699
6622
6765
3662
4909
6296
3624
6889
6264
4796
6371
7950
3864
5940
5423
4046
5699
9025
2721
9821
7388
3781
3927
4880
4713
5322
3681
5029
4405
7859
11083
6036
2500
3455
7909
3098
4058
4789
6473
7141
5900
6761
3870
9064
5658
3322
6958
4097
5571
7691
6438
4142
4864
6347
8671
2427
4424
4175
4827
5498
4571
2587
6793
4682
2326
4073
5471
3731
4650
5236
6469
3138
5300
5364
4593
5534
4032
5260
4802
8322
5597
6418
5142
4282
3404
8705
7880
8220
5755
3480
7371
6337
5114
1266
4070
4411
6758
4389
4668
8479
5152
4202
6426
5851
4533
9401
4410
8167
5210
8314
6118
6077
4995
5161
5902
3533
5400
4776
5106
7303
6504
4667
4391
6084
4740
5541
7663
5678
3553
6920
6394
4933
3575
7381
4702
8538
4068
5689
5220
6030
7594
5572
5987
5667
5023
8660
5530
5527
5691
5577
6433
4982
7328
4500
10718
5021
9738
5882
6964
5686
6300
4611
6621
5952
5404
6285
6842
6974
7477
4292
10511
6678
8218
4812
6078
4305
4849
7911
5186
5330
6887
6861
8125
4834
7494
5936
5814
3570
6540
6542
2268
7891
4648
3058
1716
4176
7258
5978
5348
5417
8757
4265
5619
5849
7087
3893
6144
5788
5691
4936
5170
7622
7857
7628
6848
5792
6124
8403
6897
8337
6562
5644
7753
8317
7857
6929
8138
10947
7066
8156
4967
8514
8438
9033
4445
6633
3730
3032
4999
5332
6389
6290
3327
8445
6901
5738
3109
8368
10282
10108
3696
10550
6873
6611
8132
8306
7159
7825
8651
8907
5830
5603
9786
6340
8528
8375
10541
8652
5211
8431
8894
6990
9489
9737
10716
7152
5471
4577
7876
12292
9112
7178
1127
5400
3684
7440
9549
9646
4241
7253
4713
9302
8470
8709
8622
9571
7048
6176
6422
7649
8471
8877
5344
10167
6718
8446
9977
10319
8911
6992
7620
4677
4587
4832
9241
11468
6431
9740
7812
7602
7471
8067
7133
10017
7662
5274
7758
7901
9868
5573
9336
9355
11633
6960
5458
10227
9176
5796
3995
7959
5072
9570
7745
8774
10772
8327
8831
7485
5674
6963
8072
5750
6825
7400
9286
5675
1853
10459
5159
5721
5927
9009
5786
8373
6853
12188
7192
11757
14324
5253
7238
7142
3210
8395
9008
